0 0.000000 0.001536 0.013825 0.009217 0.055300 0.073733 0.089094 0.136713 0.164363 0.092678 0.303123 0.060420 
0 0.000000 0.000512 0.002560 0.002048 0.097798 0.015873 0.139273 0.089094 0.182284 0.090630 0.247824 0.132104 
0 0.000595 0.002378 0.002378 0.004756 0.017241 0.014269 0.151605 0.190250 0.189061 0.155767 0.259810 0.011891 
0 0.361474 0.001784 0.000000 0.002378 0.025565 0.003567 0.149227 0.095125 0.133769 0.095719 0.092747 0.038644 
0 0.001587 0.003175 0.026984 0.004762 0.006349 0.020635 0.120635 0.179365 0.125397 0.209524 0.301587 0.000000 
0 0.000000 0.006349 0.000000 0.000000 0.052381 0.003175 0.261905 0.069841 0.247619 0.158730 0.158730 0.041270 
0 0.000000 0.001536 0.014337 0.010241 0.057860 0.074245 0.085509 0.142857 0.156682 0.098822 0.300563 0.057348 
0 0.001024 0.001024 0.002560 0.002048 0.091142 0.014337 0.134665 0.108551 0.188940 0.099846 0.228879 0.126984 
0 0.000595 0.002378 0.002378 0.003567 0.014269 0.014269 0.145660 0.186088 0.196195 0.149822 0.272889 0.011891 
0 0.361474 0.002378 0.000000 0.002378 0.026159 0.003567 0.146849 0.095125 0.135553 0.095125 0.093936 0.037455 
0 0.000754 0.003017 0.003017 0.004525 0.021116 0.018100 0.149321 0.166667 0.180995 0.165913 0.272247 0.014329 
0 0.079186 0.003017 0.004525 0.004525 0.012066 0.005279 0.185520 0.159879 0.257164 0.134238 0.149321 0.005279 
0 0.000000 0.001161 0.012776 0.000000 0.052265 0.048780 0.078978 0.025552 0.074332 0.044135 0.629501 0.032520 
0 0.000000 0.004444 0.028889 0.000000 0.006667 0.006667 0.131111 0.211111 0.117778 0.202222 0.291111 0.000000 
0 0.000000 0.011111 0.013333 0.006667 0.000000 0.055556 0.188889 0.142222 0.066667 0.215556 0.295556 0.004444 
0 0.000595 0.002378 0.002378 0.003567 0.013080 0.013674 0.142093 0.180737 0.200951 0.146254 0.283591 0.010702 
0 0.361474 0.001784 0.000000 0.002378 0.026159 0.003567 0.146849 0.093341 0.137337 0.095719 0.093936 0.037455 
0 0.000754 0.003017 0.003017 0.004525 0.018100 0.017345 0.150830 0.162142 0.184766 0.160633 0.280543 0.014329 
0 0.079186 0.002262 0.004525 0.004525 0.012066 0.004525 0.187029 0.158371 0.260935 0.134238 0.147059 0.005279 
1 0.000000 0.001633 0.008571 0.003265 0.095510 0.023265 0.114286 0.035510 0.117143 0.054694 0.535918 0.010204 
1 0.000000 0.002020 0.006734 0.006734 0.061279 0.024242 0.138721 0.033670 0.170370 0.075421 0.467340 0.013468 
1 0.000000 0.002081 0.004162 0.002601 0.047867 0.004162 0.151405 0.031738 0.116025 0.056191 0.571280 0.012487 
1 0.001347 0.000673 0.003367 0.004040 0.032997 0.032997 0.169024 0.042424 0.154209 0.086869 0.463973 0.008081 
1 0.000673 0.000673 0.003367 0.000000 0.021549 0.028283 0.117172 0.047138 0.156229 0.097643 0.526599 0.000673 
1 0.001033 0.002066 0.000000 0.000000 0.057851 0.046488 0.185950 0.045455 0.212810 0.067149 0.351240 0.029959  
1 0.001880 0.001880 0.005013 0.000000 0.037594 0.040727 0.125940 0.042607 0.146617 0.061404 0.512531 0.023810 
1 0.001174 0.001174 0.000000 0.006260 0.069249 0.019562 0.116588 0.044992 0.111111 0.050078 0.543036 0.036776 
1 0.001667 0.001667 0.000000 0.000000 0.028889 0.008333 0.143889 0.036667 0.122778 0.057222 0.567778 0.031111  
1 0.000000 0.002836 0.000000 0.000000 0.017958 0.006616 0.149338 0.034026 0.193762 0.086957 0.472590 0.035917 
1 0.000000 0.001422 0.000000 0.000000 0.034139 0.000000 0.223329 0.019915 0.229018 0.100996 0.382646 0.008535 
1 0.000000 0.000000 0.000000 0.000000 0.033846 0.033846 0.246154 0.006154 0.169231 0.156923 0.344615 0.009231 
1 0.000000 0.003077 0.000000 0.000000 0.024615 0.003077 0.286154 0.030769 0.080000 0.181538 0.390769 0.000000 
1 0.000000 0.000000 0.005698 0.000000 0.000000 0.011396 0.196581 0.088319 0.165242 0.125356 0.407407 0.000000 
0 0.005698 0.000000 0.000000 0.005698 0.000000 0.014245 0.199430 0.256410 0.173789 0.142450 0.202279 0.000000 
1 0.000000 0.005917 0.000000 0.002959 0.014793 0.014793 0.251479 0.023669 0.325444 0.245562 0.100592 0.014793 
0 0.000000 0.008876 0.005917 0.000000 0.213018 0.000000 0.109467 0.147929 0.071006 0.000000 0.381657 0.062130 
1 0.000000 0.000992 0.004464 0.003968 0.062996 0.027282 0.137401 0.067956 0.205853 0.136409 0.260417 0.092262 
0 0.000000 0.001488 0.000992 0.000496 0.265873 0.131944 0.048611 0.037202 0.106151 0.065476 0.061012 0.280754 
1 0.000000 0.003460 0.006920 0.008651 0.053633 0.019031 0.181661 0.103806 0.306228 0.171280 0.121107 0.024221 
0 0.000000 0.003460 0.003460 0.001730 0.027682 0.000000 0.306228 0.034602 0.316609 0.064014 0.242215 0.000000 
1 0.000000 0.001773 0.007979 0.004433 0.040780 0.011525 0.147163 0.111702 0.215426 0.125000 0.207447 0.126773 
0 0.000000 0.005319 0.004433 0.006206 0.032801 0.014184 0.228723 0.080674 0.272163 0.129433 0.225177 0.000887 
1 0.000000 0.000488 0.007813 0.003418 0.038574 0.007324 0.094727 0.117676 0.183105 0.117188 0.284668 0.145020 
0 0.000488 0.000488 0.013184 0.006348 0.018066 0.032227 0.107422 0.196777 0.178711 0.149902 0.276855 0.019531 
0 0.000000 0.001189 0.007134 0.002378 0.039239 0.008323 0.103448 0.143876 0.221760 0.087396 0.246730 0.138526 
0 0.000000 0.002973 0.008918 0.004756 0.024970 0.007729 0.187872 0.126040 0.255054 0.160523 0.187872 0.033294 
0 0.000000 0.003086 0.004630 0.000000 0.251543 0.000000 0.084877 0.084877 0.158951 0.060185 0.273148 0.078704 
0 0.000000 0.003086 0.000000 0.000000 0.003086 0.009259 0.179012 0.050926 0.047840 0.095679 0.569444 0.041667 
0 0.000000 0.003086 0.004630 0.000000 0.438272 0.000000 0.060185 0.015432 0.084877 0.000000 0.237654 0.155864 
0 0.000000 0.004630 0.001543 0.000000 0.030864 0.010802 0.182099 0.044753 0.310185 0.140432 0.273148 0.001543 
0 0.000000 0.002836 0.003781 0.000000 0.329868 0.000000 0.046314 0.150284 0.150284 0.001890 0.168242 0.146503 
0 0.000000 0.001890 0.013233 0.003781 0.020794 0.035917 0.088847 0.248582 0.202268 0.182420 0.179584 0.022684 
1 0.000000 0.003906 0.025391 0.009766 0.011719 0.009766 0.160156 0.230469 0.121094 0.205078 0.222656 0.000000 
0 0.000000 0.005859 0.007813 0.003906 0.007813 0.046875 0.189453 0.158203 0.089844 0.244141 0.242188 0.003906 
1 0.000000 0.002775 0.006475 0.004625 0.039778 0.039778 0.145236 0.030527 0.086031 0.057354 0.558742 0.028677 
1 0.000000 0.000925 0.000000 0.000925 0.025902 0.000925 0.152636 0.008326 0.094357 0.071230 0.644773 0.000000 
1 0.000000 0.002066 0.000000 0.001033 0.019628 0.006198 0.167355 0.000000 0.083678 0.079545 0.640496 0.000000 
0 0.000000 0.001033 0.013430 0.005165 0.090909 0.009298 0.134298 0.109504 0.198347 0.072314 0.345041 0.020661 
1 0.000000 0.000673 0.002020 0.005387 0.045118 0.005387 0.130640 0.030976 0.068013 0.051178 0.653872 0.006734 
0 0.000000 0.000000 0.005387 0.004714 0.076094 0.007407 0.136700 0.039731 0.180471 0.095623 0.453199 0.000673 
0 0.000000 0.000000 0.012802 0.005690 0.085349 0.028450 0.122333 0.058321 0.100996 0.056899 0.495021 0.034139 
0 0.000000 0.000000 0.000000 0.004267 0.051209 0.011380 0.139403 0.014225 0.216216 0.075391 0.479374 0.008535 
0 0.000000 0.001953 0.017578 0.000000 0.017578 0.013672 0.123047 0.197266 0.130859 0.185547 0.312500 0.000000 
1 0.000000 0.001932 0.004831 0.001932 0.060870 0.054106 0.162319 0.034783 0.109179 0.074396 0.473430 0.022222 
1 0.000000 0.000966 0.000966 0.001932 0.019324 0.000966 0.165217 0.028019 0.109179 0.081159 0.592271 0.000000 
1 0.000000 0.004535 0.019274 0.000000 0.034014 0.013605 0.156463 0.047619 0.128118 0.092971 0.500000 0.003401 
0 0.000000 0.002268 0.000000 0.018141 0.100907 0.087302 0.115646 0.102041 0.069161 0.097506 0.368481 0.038549 
1 0.000000 0.002066 0.011364 0.005165 0.018595 0.001033 0.157025 0.061983 0.139463 0.094008 0.509298 0.000000 
0 0.000000 0.002066 0.017562 0.000000 0.013430 0.019628 0.068182 0.129132 0.050620 0.077479 0.592975 0.028926 
1 0.000000 0.002551 0.000850 0.004252 0.026361 0.000850 0.170068 0.042517 0.094388 0.069728 0.579932 0.008503 
0 0.000000 0.004252 0.000000 0.004252 0.099490 0.041667 0.147959 0.039966 0.200680 0.114796 0.322279 0.024660 
1 0.000000 0.000918 0.004132 0.003214 0.086777 0.007346 0.112029 0.033976 0.056933 0.038567 0.639578 0.016529 
0 0.000000 0.001377 0.005969 0.012397 0.026630 0.025253 0.111570 0.182736 0.145087 0.110652 0.354454 0.023875 
1 0.000000 0.000584 0.004676 0.006429 0.060199 0.001169 0.137931 0.036236 0.068966 0.050263 0.600818 0.032729 
0 0.000000 0.001753 0.004091 0.008767 0.056692 0.039743 0.192870 0.074226 0.224430 0.116891 0.212741 0.067797 
0 0.000000 0.002836 0.005671 0.019849 0.129490 0.053875 0.089792 0.064272 0.053875 0.092628 0.448960 0.038752 
0 0.000000 0.003781 0.007561 0.000000 0.119093 0.081285 0.075614 0.089792 0.133270 0.051040 0.360113 0.078450 
0 0.000000 0.001377 0.002755 0.009183 0.121671 0.116162 0.064279 0.049128 0.026171 0.049587 0.501837 0.057851 
0 0.000459 0.001377 0.005051 0.004591 0.021579 0.028466 0.095041 0.215794 0.149219 0.149679 0.313131 0.015611 
0 0.000000 0.002604 0.000868 0.022569 0.121528 0.091146 0.099826 0.066840 0.049479 0.082465 0.434896 0.027778 
1 0.000000 0.004228 0.007400 0.006342 0.056025 0.005285 0.161734 0.044397 0.091966 0.070825 0.551797 0.000000 
1 0.000000 0.003171 0.002114 0.000000 0.024313 0.000000 0.168076 0.030655 0.144820 0.086681 0.535941 0.004228 
1 0.000000 0.003750 0.015000 0.012500 0.026250 0.003750 0.177500 0.037500 0.097500 0.097500 0.528750 0.000000 
0 0.000000 0.001250 0.007500 0.007500 0.037500 0.073750 0.151250 0.117500 0.077500 0.110000 0.380000 0.036250 
1 0.000000 0.002604 0.010417 0.007813 0.036458 0.004340 0.144965 0.037326 0.077257 0.101563 0.577257 0.000000
1 0.000000 0.000966 0.010628 0.001932 0.018357 0.001932 0.150725 0.051208 0.142029 0.108213 0.514010 0.000000 
1 0.000000 0.004155 0.009695 0.006925 0.009695 0.000000 0.192521 0.060942 0.178670 0.095568 0.441828 0.000000 
1 0.000000 0.000977 0.003906 0.004395 0.067871 0.000977 0.121094 0.030273 0.070313 0.058594 0.579102 0.062500 
1 0.000000 0.000638 0.019133 0.013393 0.038265 0.021684 0.132015 0.036990 0.063776 0.073342 0.581633 0.019133 
0 0.000000 0.001161 0.001161 0.000000 0.108014 0.124274 0.061556 0.039489 0.126597 0.054588 0.375145 0.108014 
0 0.000000 0.001161 0.000000 0.000000 0.163763 0.074332 0.066202 0.111498 0.077816 0.052265 0.274100 0.178862 
1 0.000000 0.004878 0.020732 0.001220 0.030488 0.002439 0.193902 0.070732 0.103659 0.070732 0.501220 0.000000 
1 0.000000 0.002439 0.019512 0.012195 0.028049 0.012195 0.168293 0.050000 0.069512 0.085366 0.535366 0.017073 
1 0.000000 0.005540 0.016620 0.001385 0.011080 0.002770 0.146814 0.084488 0.102493 0.065097 0.563712 0.000000 
0 0.000000 0.004155 0.002770 0.000000 0.015235 0.000000 0.121884 0.070637 0.193906 0.110803 0.472299 0.008310 
1 0.000000 0.006667 0.000000 0.002222 0.006667 0.000000 0.224444 0.055556 0.148889 0.042222 0.513333 0.000000 
0 0.000000 0.004444 0.000000 0.022222 0.002222 0.013333 0.231111 0.102222 0.211111 0.206667 0.206667 0.000000 
1 0.000000 0.000000 0.013793 0.004598 0.018391 0.000000 0.216092 0.034483 0.108046 0.089655 0.514943 0.000000 
0 0.000000 0.002299 0.000000 0.004598 0.009195 0.004598 0.227586 0.091954 0.291954 0.101149 0.266667 0.000000 
1 0.000000 0.002564 0.023077 0.001282 0.014103 0.012821 0.148718 0.052564 0.080769 0.056410 0.605128 0.002564 
0 0.002564 0.002564 0.001282 0.001282 0.002564 0.021795 0.114103 0.146154 0.142308 0.130769 0.430769 0.003846 
1 0.000000 0.001347 0.002020 0.005387 0.068013 0.020202 0.158923 0.037037 0.158923 0.073401 0.458586 0.016162 
1 0.000000 0.002020 0.000000 0.002020 0.055892 0.008081 0.156902 0.035690 0.176431 0.068013 0.484175 0.010774 
1 0.000000 0.001837 0.001377 0.003673 0.094582 0.020661 0.118457 0.026630 0.109275 0.050505 0.551882 0.021120 
0 0.000000 0.002296 0.001837 0.000918 0.104683 0.013315 0.102847 0.066575 0.180441 0.056015 0.436639 0.034435 
1 0.000000 0.002268 0.004535 0.000000 0.047619 0.001134 0.160998 0.046485 0.185941 0.083900 0.439909 0.027211 
0 0.000000 0.002268 0.007937 0.006803 0.061224 0.058957 0.091837 0.073696 0.124717 0.098639 0.433107 0.040816 
1 0.000000 0.000699 0.002795 0.005590 0.045423 0.008386 0.127184 0.039832 0.155835 0.063592 0.518519 0.032145 
0 0.000000 0.000699 0.007687 0.000000 0.046122 0.083857 0.048917 0.018868 0.058700 0.028651 0.625437 0.081062 
1 0.000000 0.001058 0.001058 0.011105 0.061872 0.010048 0.126917 0.030143 0.095717 0.050767 0.595452 0.015865 
0 0.000000 0.000529 0.003173 0.000529 0.068747 0.077737 0.113168 0.111581 0.206769 0.068218 0.280804 0.068747 
1 0.000000 0.001837 0.001837 0.001377 0.096878 0.020661 0.107438 0.029844 0.123049 0.056015 0.517447 0.043618 
0 0.000000 0.001377 0.006887 0.001377 0.051882 0.013315 0.112489 0.078972 0.162994 0.051423 0.500000 0.019284 
1 0.000000 0.002400 0.003200 0.003200 0.023200 0.003200 0.128000 0.051200 0.175200 0.078400 0.468800 0.063200 
0 0.000000 0.001600 0.014400 0.000800 0.026400 0.016000 0.064000 0.052000 0.094400 0.073600 0.644800 0.012000 
1 0.000000 0.003750 0.006250 0.000000 0.005000 0.000000 0.172500 0.060000 0.203750 0.082500 0.407500 0.058750
1 0.000000 0.001633 0.008571 0.003265 0.095510 0.023265 0.114286 0.035510 0.117143 0.054694 0.535918 0.010204 
0 0.000000 0.001224 0.001224 0.002449 0.120408 0.008571 0.119184 0.079592 0.149796 0.048571 0.430204 0.038776 
1 0.000000 0.002020 0.006734 0.006734 0.061279 0.024242 0.138721 0.033670 0.170370 0.075421 0.467340 0.013468 
0 0.000000 0.000000 0.006734 0.000000 0.048485 0.072727 0.049832 0.022222 0.115152 0.049832 0.564983 0.070034 
1 0.000000 0.002081 0.004162 0.002601 0.047867 0.004162 0.151405 0.031738 0.116025 0.056191 0.571280 0.012487 
0 0.000000 0.001756 0.000878 0.000000 0.087357 0.004829 0.107112 0.151888 0.170764 0.086479 0.366550 0.022388 
1 0.000000 0.000878 0.003951 0.004829 0.124232 0.032924 0.117208 0.039069 0.112818 0.042581 0.484636 0.036874 
0 0.000000 0.001701 0.000850 0.000850 0.018707 0.005102 0.090986 0.117347 0.144558 0.107993 0.489796 0.022109 
0 0.000000 0.001701 0.006803 0.005102 0.029762 0.036565 0.113095 0.141156 0.143707 0.113946 0.380102 0.028061 
0 0.000000 0.002601 0.001041 0.000000 0.030177 0.003122 0.109261 0.143080 0.124350 0.086368 0.483871 0.016129 
0 0.000000 0.001561 0.005203 0.000000 0.052549 0.084287 0.048387 0.014048 0.085328 0.034339 0.603018 0.071280 
1 0.000000 0.001913 0.000000 0.004464 0.038903 0.006378 0.156250 0.082908 0.205357 0.096301 0.401148 0.006378 
1 0.000000 0.000638 0.000000 0.007015 0.073980 0.022321 0.160714 0.051020 0.161990 0.056760 0.455357 0.010204 
1 0.000000 0.003171 0.000000 0.000000 0.002114 0.001057 0.173362 0.027484 0.239958 0.089852 0.463002 0.000000 
0 0.000000 0.002114 0.008457 0.001057 0.040169 0.012685 0.113108 0.153277 0.154334 0.097252 0.368922 0.048626 
1 0.000000 0.002058 0.000000 0.006173 0.003429 0.006859 0.128944 0.054870 0.181756 0.069959 0.539781 0.006173 
0 0.000000 0.002058 0.005487 0.000000 0.053498 0.050069 0.046639 0.017147 0.084362 0.025377 0.661866 0.053498 
1 0.000000 0.000740 0.005917 0.005917 0.035503 0.009615 0.136834 0.064349 0.161982 0.065089 0.464497 0.049556 
0 0.000000 0.000740 0.001479 0.002219 0.022189 0.011095 0.068047 0.076923 0.119083 0.090976 0.554734 0.052515 
1 0.000000 0.000000 0.009292 0.003484 0.005807 0.008130 0.174216 0.080139 0.186992 0.069686 0.396051 0.066202 
0 0.500000 0.003472 0.006944 0.000000 0.006944 0.003472 0.256944 0.041667 0.059028 0.086806 0.034722 0.000000 
0 0.000000 0.003472 0.000000 0.017361 0.000000 0.020833 0.541667 0.027778 0.052083 0.145833 0.190972 0.000000 
1 0.000000 0.002066 0.004132 0.004132 0.022727 0.015496 0.157025 0.023760 0.065083 0.072314 0.633264 0.000000 
1 0.000000 0.002066 0.001033 0.000000 0.036157 0.001033 0.147727 0.022727 0.108471 0.096074 0.584711 0.000000 
1 0.000000 0.001350 0.026991 0.004049 0.006748 0.000000 0.151147 0.048583 0.091768 0.090418 0.572200 0.006748 
0 0.000000 0.002699 0.004049 0.008097 0.044534 0.093117 0.153846 0.124157 0.075574 0.083671 0.383266 0.026991 
1 0.000000 0.001890 0.022684 0.003781 0.017013 0.010397 0.132325 0.047259 0.066163 0.080340 0.613422 0.004726 
0 0.000000 0.001890 0.000000 0.000000 0.110586 0.061437 0.051040 0.026465 0.024575 0.034972 0.603970 0.085066 
1 0.000000 0.000966 0.012560 0.000000 0.031884 0.001932 0.119807 0.063768 0.113043 0.108213 0.547826 0.000000 
0 0.000000 0.002899 0.022222 0.000966 0.010628 0.040580 0.073430 0.140097 0.061836 0.056039 0.569082 0.022222 
1 0.000000 0.001350 0.017544 0.000000 0.014845 0.000000 0.155196 0.083671 0.125506 0.107962 0.493927 0.000000 
0 0.000000 0.001350 0.000000 0.000000 0.106613 0.141700 0.074224 0.000000 0.029690 0.029690 0.531714 0.085020 
0 0.000000 0.003906 0.015625 0.001953 0.013672 0.001953 0.158203 0.210938 0.125000 0.212891 0.255859 0.000000 
0 0.000000 0.007813 0.013672 0.009766 0.000000 0.044922 0.175781 0.160156 0.078125 0.248047 0.257813 0.003906 
0 0.016667 0.010000 0.016667 0.020000 0.033333 0.026667 0.280000 0.046667 0.206667 0.136667 0.200000 0.006667 
0 0.000000 0.006667 0.000000 0.000000 0.013333 0.006667 0.280000 0.010000 0.110000 0.313333 0.260000 0.000000 
1 0.000000 0.004132 0.007231 0.004132 0.042355 0.029959 0.159091 0.029959 0.091942 0.080579 0.550620 0.000000 
1 0.000000 0.002066 0.000000 0.000000 0.025826 0.000000 0.166322 0.022727 0.122934 0.098140 0.561983 0.000000 
1 0.000000 0.005128 0.024359 0.005128 0.024359 0.002564 0.157692 0.048718 0.115385 0.094872 0.521795 0.000000 
0 0.000000 0.002564 0.002564 0.012821 0.051282 0.074359 0.144872 0.115385 0.084615 0.115385 0.374359 0.021795 
1 0.000000 0.003546 0.015957 0.006206 0.031915 0.016844 0.125000 0.042553 0.080674 0.101064 0.574468 0.001773 
0 0.000000 0.002660 0.000000 0.000000 0.113475 0.080674 0.050532 0.035461 0.031028 0.043440 0.546986 0.095745 
1 0.000000 0.002066 0.011364 0.000000 0.026860 0.000000 0.142562 0.060950 0.144628 0.111570 0.500000 0.000000 
0 0.000000 0.001033 0.016529 0.000000 0.009298 0.032025 0.081612 0.149793 0.068182 0.074380 0.545455 0.021694 
1 0.000000 0.001422 0.017070 0.000000 0.005690 0.000000 0.177809 0.078236 0.174964 0.113798 0.431010 0.000000 
0 0.000000 0.001422 0.000000 0.000000 0.110953 0.137980 0.078236 0.000000 0.032717 0.032717 0.539118 0.066856 
1 0.000000 0.000512 0.005632 0.005120 0.092678 0.008193 0.126984 0.032770 0.072197 0.069636 0.521249 0.065028 
0 0.000512 0.000512 0.001536 0.005632 0.090630 0.022529 0.167435 0.086534 0.155658 0.091142 0.299539 0.078341 
0 0.000000 0.000000 0.000000 0.009251 0.057354 0.087882 0.116559 0.065680 0.056429 0.099907 0.464385 0.042553 
0 0.000000 0.000925 0.000000 0.005550 0.090657 0.000925 0.140611 0.138760 0.157262 0.127660 0.252544 0.085106 