0 0.643494 0.000000 0.000000 0.000000 0.016043 0.014260 0.001783 0.042781 0.105169 0.000000 0.176471 0.000000 
0 0.000000 0.000000 0.000000 0.000000 0.021390 0.000000 0.301248 0.106952 0.281640 0.169340 0.101604 0.017825 
0 0.497778 0.006667 0.015556 0.008889 0.006667 0.011111 0.226667 0.024444 0.060000 0.066667 0.075556 0.000000 
0 0.000000 0.004444 0.000000 0.000000 0.000000 0.000000 0.351111 0.042222 0.275556 0.253333 0.073333 0.000000 
1 0.083333 0.003472 0.024306 0.013889 0.027778 0.010417 0.281250 0.076389 0.197917 0.107639 0.173611 0.000000 
0 0.000000 0.003472 0.000000 0.000000 0.000000 0.000000 0.517361 0.020833 0.215278 0.170139 0.072917 0.000000 
1 0.000000 0.002066 0.003099 0.002066 0.030992 0.024793 0.164256 0.028926 0.092975 0.079545 0.571281 0.000000 
2 0.000000 0.001033 0.000000 0.000000 0.023760 0.000000 0.158058 0.024793 0.127066 0.100207 0.565083 0.000000 
1 0.000000 0.003846 0.023077 0.003846 0.020513 0.003846 0.153846 0.055128 0.120513 0.102564 0.512821 0.000000 
0 0.000000 0.003846 0.003846 0.012821 0.060256 0.084615 0.144872 0.120513 0.074359 0.098718 0.366667 0.029487 
1 0.000000 0.000925 0.015726 0.005550 0.025902 0.018501 0.126735 0.048104 0.088807 0.100833 0.567993 0.000925 
0 0.000000 0.002775 0.000000 0.000000 0.098057 0.071230 0.048104 0.037003 0.024977 0.035153 0.581869 0.100833 
2 0.000000 0.001033 0.010331 0.001033 0.023760 0.000000 0.135331 0.070248 0.143595 0.112603 0.502066 0.000000 
0 0.000000 0.002066 0.023760 0.000000 0.009298 0.041322 0.077479 0.134298 0.056818 0.072314 0.554752 0.027893 
2 0.000000 0.000000 0.015647 0.000000 0.005690 0.000000 0.172119 0.085349 0.166430 0.116643 0.438122 0.000000 
0 0.000000 0.002845 0.000000 0.000000 0.103841 0.132290 0.075391 0.000000 0.032717 0.027027 0.566145 0.059744 
2 0.000000 0.000000 0.005632 0.006144 0.088582 0.005632 0.119304 0.035842 0.068100 0.067588 0.538146 0.065028 
2 0.001024 0.000000 0.001024 0.005632 0.098822 0.011265 0.175115 0.091142 0.156682 0.092678 0.292883 0.073733 
0 0.000000 0.000925 0.000000 0.010176 0.062905 0.094357 0.119334 0.069380 0.049954 0.086957 0.453284 0.052729 
0 0.000000 0.000000 0.000000 0.007401 0.089732 0.001850 0.138760 0.131360 0.160962 0.136910 0.250694 0.082331 
0 0.000000 0.004505 0.000000 0.000000 0.046547 0.027027 0.076577 0.001502 0.039039 0.031532 0.669670 0.103604 
0 0.000000 0.003003 0.000000 0.003003 0.088589 0.001502 0.168168 0.097598 0.217718 0.144144 0.226727 0.049550 
0 0.000000 0.003906 0.017578 0.001953 0.011719 0.001953 0.154297 0.207031 0.125000 0.214844 0.261719 0.000000 
0 0.000000 0.007813 0.013672 0.011719 0.000000 0.042969 0.177734 0.164063 0.076172 0.248047 0.253906 0.003906 
0 0.000000 0.000782 0.002739 0.000782 0.152191 0.014085 0.109546 0.165493 0.137715 0.124022 0.139671 0.152973 
0 0.000000 0.000782 0.005869 0.001174 0.049687 0.066510 0.115415 0.132629 0.110329 0.181142 0.266041 0.070423 
0 0.000000 0.000878 0.002634 0.001317 0.135645 0.008341 0.118525 0.190518 0.169008 0.134767 0.123354 0.115013 
0 0.001317 0.001317 0.006585 0.001317 0.017120 0.011414 0.161545 0.124232 0.197542 0.109745 0.336699 0.031168 
0 0.000000 0.000000 0.000000 0.000000 0.163727 0.001357 0.124378 0.148349 0.168702 0.121664 0.191768 0.080054 
0 0.000905 0.000452 0.000905 0.008593 0.044776 0.010403 0.170059 0.226142 0.212573 0.175034 0.101764 0.048394 
0 0.000000 0.000529 0.002644 0.002644 0.020624 0.019038 0.106293 0.151772 0.181386 0.150714 0.354839 0.009519 
0 0.000000 0.000529 0.001058 0.013221 0.135378 0.027499 0.148070 0.113696 0.201481 0.089371 0.206240 0.063458 
0 0.000945 0.001890 0.004726 0.001890 0.026465 0.027410 0.100189 0.122873 0.152174 0.153119 0.401701 0.006616 
0 0.000000 0.002836 0.000000 0.018904 0.128544 0.014178 0.227788 0.085066 0.202268 0.107750 0.172968 0.039698 
0 0.000000 0.001107 0.000000 0.022148 0.100775 0.017719 0.218162 0.102990 0.211517 0.114064 0.192691 0.018826 
0 0.003322 0.000000 0.017719 0.002215 0.021041 0.014396 0.115172 0.292359 0.230343 0.121816 0.162791 0.018826 
1 0.000000 0.003171 0.000000 0.003171 0.011628 0.015856 0.167019 0.008457 0.065539 0.086681 0.638478 0.000000 
2 0.000000 0.002114 0.000000 0.000000 0.007400 0.000000 0.160677 0.008457 0.096195 0.106765 0.618393 0.000000 
1 0.000000 0.001422 0.031294 0.000000 0.004267 0.004267 0.170697 0.086771 0.083926 0.115220 0.497866 0.004267 
0 0.000000 0.001422 0.001422 0.011380 0.055477 0.078236 0.149360 0.116643 0.076814 0.109531 0.375533 0.024182 
1 0.000000 0.003030 0.023232 0.002020 0.025253 0.008081 0.134343 0.054545 0.073737 0.088889 0.583838 0.003030 
0 0.000000 0.003030 0.000000 0.000000 0.094949 0.053535 0.053535 0.024242 0.029293 0.048485 0.585859 0.107071 
2 0.000000 0.000000 0.018826 0.000000 0.039867 0.000000 0.141750 0.086379 0.121816 0.109635 0.478405 0.003322 
0 0.000000 0.001107 0.021041 0.000000 0.007752 0.038760 0.088594 0.137320 0.056478 0.073090 0.554817 0.021041 
2 0.000000 0.001543 0.029321 0.000000 0.004630 0.000000 0.180556 0.126543 0.141975 0.135802 0.379630 0.000000 
0 0.000000 0.004630 0.000000 0.000000 0.092593 0.126543 0.086420 0.000000 0.026235 0.033951 0.563272 0.066358 
2 0.000000 0.001093 0.009836 0.004918 0.100546 0.023497 0.129508 0.043169 0.063388 0.073770 0.471038 0.079235 
0 0.000546 0.001639 0.001639 0.006011 0.087432 0.031694 0.161749 0.084699 0.159563 0.102732 0.281421 0.080874 
0 0.000000 0.002836 0.000000 0.009452 0.055766 0.089792 0.114367 0.063327 0.052930 0.100189 0.463138 0.048204 
0 0.000000 0.002836 0.000000 0.004726 0.100189 0.000000 0.134216 0.142722 0.165406 0.127599 0.241966 0.080340 
0 0.000000 0.003086 0.000000 0.000000 0.050926 0.026235 0.087963 0.000000 0.029321 0.040123 0.675926 0.086420 
0 0.000000 0.003086 0.000000 0.000000 0.091049 0.000000 0.165123 0.077160 0.237654 0.143519 0.220679 0.061728 
0 0.000000 0.003906 0.017578 0.001953 0.013672 0.003906 0.148438 0.208984 0.121094 0.218750 0.261719 0.000000 
0 0.000000 0.007813 0.013672 0.013672 0.000000 0.039063 0.177734 0.164063 0.074219 0.251953 0.253906 0.003906 
0 0.000000 0.000488 0.000000 0.005859 0.129395 0.006348 0.155762 0.177734 0.170410 0.187500 0.138184 0.028320 
0 0.239746 0.000488 0.002441 0.003418 0.021484 0.023438 0.118164 0.128418 0.146973 0.161621 0.125488 0.028320 
0 0.000520 0.002081 0.004162 0.003642 0.015088 0.018210 0.113424 0.145161 0.148803 0.156087 0.374610 0.018210 
0 0.000000 0.002081 0.007804 0.000000 0.170656 0.040583 0.099896 0.156608 0.133715 0.113424 0.166493 0.108741 
0 0.000000 0.000925 0.006475 0.002775 0.024977 0.016651 0.102683 0.122109 0.154487 0.158187 0.403330 0.007401 
0 0.000000 0.001850 0.013876 0.000000 0.160037 0.011101 0.084181 0.222017 0.129510 0.093432 0.186864 0.097132 
0 0.401017 0.000782 0.008607 0.003521 0.019562 0.007433 0.089984 0.125978 0.136933 0.109937 0.088419 0.007825 
0 0.001174 0.001174 0.014867 0.002347 0.014867 0.008607 0.171362 0.234742 0.178404 0.179577 0.177621 0.015258 
0 0.260081 0.004032 0.004032 0.000000 0.000000 0.004032 0.183468 0.082661 0.118952 0.252016 0.090726 0.000000 
0 0.000000 0.006048 0.010081 0.000000 0.036290 0.010081 0.084677 0.260081 0.167339 0.022177 0.332661 0.070565 
0 0.002268 0.002268 0.013605 0.002268 0.020408 0.014739 0.086168 0.287982 0.234694 0.124717 0.192744 0.018141 
0 0.000000 0.004535 0.012472 0.000000 0.116780 0.005669 0.083900 0.230159 0.146259 0.077098 0.241497 0.081633 
1 0.000000 0.002066 0.005165 0.001033 0.035124 0.039256 0.179752 0.040289 0.101240 0.099174 0.467975 0.028926 
2 0.000000 0.001033 0.005165 0.007231 0.007231 0.011364 0.162190 0.047521 0.137397 0.114669 0.506198 0.000000 
1 0.000000 0.001161 0.015099 0.003484 0.036005 0.023229 0.184669 0.041812 0.101045 0.104530 0.488966 0.000000 
0 0.000000 0.001161 0.000000 0.010453 0.045296 0.070848 0.131243 0.110337 0.065041 0.116144 0.419280 0.030197 
1 0.000000 0.001600 0.011200 0.001600 0.034400 0.016000 0.148000 0.035200 0.101600 0.072000 0.578400 0.000000 
0 0.000000 0.003200 0.001600 0.000000 0.094400 0.109600 0.052800 0.042400 0.032000 0.044800 0.524000 0.095200 
2 0.000000 0.001250 0.012500 0.000000 0.020000 0.003750 0.195000 0.075000 0.181250 0.123750 0.380000 0.007500 
0 0.000000 0.002500 0.022500 0.000000 0.002500 0.023750 0.096250 0.157500 0.073750 0.095000 0.503750 0.022500 
2 0.000000 0.003175 0.000000 0.000000 0.030159 0.001587 0.212698 0.046032 0.222222 0.138095 0.346032 0.000000 
0 0.000000 0.006349 0.000000 0.000000 0.093651 0.107937 0.077778 0.000000 0.036508 0.039683 0.595238 0.042857 
2 0.000000 0.000488 0.001465 0.002930 0.079102 0.021484 0.105957 0.034180 0.082031 0.053223 0.540527 0.078613 
0 0.000000 0.000488 0.002930 0.008301 0.100098 0.015137 0.170898 0.079102 0.159668 0.084473 0.297363 0.081543 
0 0.000000 0.002660 0.000000 0.006206 0.052305 0.070922 0.109929 0.078014 0.055851 0.103723 0.476950 0.043440 
0 0.000000 0.001773 0.000000 0.008865 0.111702 0.000887 0.140957 0.125000 0.176418 0.119681 0.228723 0.085993 
0 0.000000 0.005540 0.000000 0.000000 0.052632 0.037396 0.070637 0.004155 0.042936 0.044321 0.653740 0.088643 
0 0.000000 0.002770 0.000000 0.002770 0.102493 0.004155 0.181440 0.070637 0.231302 0.130194 0.222992 0.051247 
0 0.000000 0.003906 0.015625 0.001953 0.011719 0.001953 0.150391 0.208984 0.123047 0.218750 0.263672 0.000000 
0 0.000000 0.007813 0.013672 0.013672 0.000000 0.042969 0.181641 0.160156 0.082031 0.236328 0.255859 0.005859 
0 0.002338 0.000000 0.000584 0.011689 0.118644 0.030976 0.108708 0.160725 0.181765 0.170660 0.095850 0.118060 
0 0.000584 0.000584 0.008182 0.004676 0.022794 0.017534 0.112800 0.141438 0.128580 0.141438 0.410286 0.011105 
0 0.003025 0.000000 0.000605 0.014519 0.130067 0.032063 0.118572 0.130672 0.197217 0.182093 0.089534 0.101633 
0 0.001210 0.000605 0.021779 0.002420 0.016334 0.007260 0.200847 0.243194 0.189353 0.144586 0.160315 0.012099 
0 0.009231 0.000000 0.000000 0.003077 0.000000 0.015385 0.335385 0.190769 0.113846 0.270769 0.061538 0.000000 
0 0.000000 0.009231 0.000000 0.003077 0.043077 0.006154 0.120000 0.141538 0.243077 0.067692 0.286154 0.080000 
0 0.493750 0.002500 0.005000 0.011250 0.011250 0.026250 0.020000 0.135000 0.076250 0.137500 0.078750 0.002500 
0 0.000000 0.003750 0.016250 0.005000 0.066250 0.017500 0.088750 0.202500 0.178750 0.080000 0.271250 0.070000 
0 0.000520 0.002081 0.003642 0.003122 0.013528 0.019251 0.113944 0.145682 0.148283 0.155047 0.375130 0.019771 
0 0.000000 0.002081 0.006243 0.002081 0.168574 0.037981 0.092612 0.178980 0.148283 0.117066 0.144121 0.101977 
0 0.001377 0.001837 0.012856 0.004132 0.024793 0.017447 0.103765 0.185032 0.142332 0.144628 0.344353 0.017447 
0 0.151056 0.001837 0.008724 0.005510 0.061065 0.022498 0.103765 0.123967 0.157943 0.156107 0.164830 0.042700 
0 0.000000 0.000925 0.006475 0.002775 0.024977 0.016651 0.105458 0.123034 0.154487 0.158187 0.398705 0.008326 
0 0.000000 0.001850 0.010176 0.002775 0.159112 0.011101 0.084181 0.222942 0.144311 0.096207 0.181314 0.086031 
0 0.145161 0.002601 0.007804 0.003642 0.044225 0.026015 0.107700 0.132154 0.158689 0.164412 0.170135 0.037461 
0 0.001561 0.001561 0.019771 0.003122 0.012487 0.008325 0.188866 0.254943 0.190947 0.153486 0.155567 0.009365 
0 0.002268 0.002268 0.013605 0.002268 0.019274 0.013605 0.089569 0.286848 0.235828 0.123583 0.190476 0.020408 
0 0.000000 0.004535 0.014739 0.003401 0.112245 0.004535 0.086168 0.227891 0.174603 0.079365 0.222222 0.070295 
2 0.000000 0.001600 0.009600 0.000000 0.032000 0.000000 0.159200 0.050400 0.233600 0.068000 0.444000 0.001600 
1 0.000000 0.002400 0.003200 0.001600 0.047200 0.023200 0.175200 0.034400 0.150400 0.093600 0.465600 0.003200 
2 0.000000 0.001488 0.006448 0.002976 0.046627 0.001984 0.137401 0.064484 0.165179 0.063988 0.490575 0.018849 
0 0.000000 0.001984 0.003472 0.000496 0.083333 0.030754 0.110119 0.030754 0.097222 0.065476 0.537698 0.038690 
2 0.000000 0.004505 0.000000 0.000000 0.004505 0.000000 0.190691 0.055556 0.225225 0.091592 0.388889 0.039039 
0 0.000000 0.006006 0.010511 0.000000 0.099099 0.063063 0.084084 0.021021 0.058559 0.027027 0.594595 0.036036 
1 0.000000 0.002058 0.006173 0.000686 0.069959 0.004801 0.132373 0.041152 0.118656 0.078875 0.506173 0.039095 
0 0.000000 0.002743 0.005487 0.000000 0.129630 0.082990 0.050754 0.014403 0.052126 0.023320 0.511660 0.126886 
0 0.000000 0.002480 0.001984 0.000000 0.104167 0.048115 0.089286 0.013393 0.051587 0.050099 0.587302 0.051587 
0 0.000000 0.002480 0.003968 0.000992 0.148313 0.095238 0.060516 0.007937 0.051091 0.018353 0.493552 0.117560 
0 0.000000 0.004444 0.020000 0.000000 0.006667 0.006667 0.133333 0.215556 0.124444 0.204444 0.284444 0.000000 
0 0.000000 0.011111 0.013333 0.008889 0.000000 0.055556 0.182222 0.142222 0.064444 0.226667 0.293333 0.002222 
0 0.000595 0.002378 0.002378 0.002973 0.014863 0.014863 0.149227 0.184304 0.193817 0.152200 0.270511 0.011891 
0 0.361474 0.002378 0.000000 0.002378 0.025565 0.003567 0.149227 0.094530 0.135553 0.093936 0.093936 0.037455 
0 0.000754 0.003017 0.003017 0.003771 0.020362 0.018100 0.151584 0.165158 0.177979 0.167421 0.273756 0.015083 
0 0.079186 0.003017 0.004525 0.004525 0.012821 0.006033 0.187783 0.162142 0.254148 0.131976 0.148567 0.005279 
1 0.000000 0.002323 0.017422 0.000000 0.055749 0.012776 0.169570 0.084785 0.193961 0.113821 0.340302 0.009292 
0 0.000000 0.000000 0.006969 0.008130 0.049942 0.044135 0.119628 0.092915 0.255517 0.123113 0.261324 0.038328 
1 0.000000 0.002219 0.009615 0.005917 0.062130 0.018491 0.139053 0.068787 0.162722 0.088018 0.436391 0.006657 
0 0.000000 0.000740 0.007396 0.000000 0.060651 0.049556 0.054734 0.022189 0.196746 0.058432 0.512574 0.036982 
0 0.000000 0.000000 0.009662 0.001932 0.041546 0.006763 0.106280 0.068599 0.120773 0.071498 0.572947 0.000000 
0 0.000000 0.000000 0.006763 0.015459 0.062802 0.067633 0.113043 0.085024 0.232850 0.111111 0.276329 0.028986 
0 0.000000 0.000584 0.009936 0.001169 0.036236 0.009351 0.127995 0.092344 0.146698 0.055523 0.517826 0.002338 
0 0.000000 0.000000 0.007598 0.000000 0.056108 0.071303 0.066628 0.019287 0.169492 0.059614 0.488019 0.061952 
0 0.000000 0.004444 0.022222 0.000000 0.006667 0.006667 0.133333 0.220000 0.117778 0.202222 0.286667 0.000000 
0 0.000000 0.011111 0.013333 0.006667 0.000000 0.055556 0.188889 0.140000 0.068889 0.222222 0.288889 0.004444 
0 0.000595 0.002378 0.002378 0.003567 0.013080 0.013674 0.148633 0.187277 0.195006 0.149227 0.272295 0.011891 
0 0.361474 0.002378 0.000000 0.002378 0.026159 0.003567 0.147444 0.093936 0.136147 0.095719 0.093341 0.037455 
0 0.000754 0.003017 0.003017 0.004525 0.018854 0.017345 0.153092 0.168175 0.179487 0.164404 0.272247 0.015083 
0 0.079186 0.003017 0.003771 0.004525 0.012066 0.005279 0.186275 0.159125 0.257919 0.135747 0.147813 0.005279 
1 0.000000 0.001633 0.008571 0.003265 0.095510 0.023265 0.114286 0.035510 0.117143 0.054694 0.535918 0.010204 
0 0.000000 0.001224 0.001224 0.002449 0.120408 0.008571 0.119184 0.079592 0.149796 0.048571 0.430204 0.038776 
1 0.000000 0.002020 0.006734 0.006734 0.061279 0.024242 0.138721 0.033670 0.170370 0.075421 0.467340 0.013468 
0 0.000000 0.000000 0.006734 0.000000 0.048485 0.072727 0.049832 0.022222 0.115152 0.049832 0.564983 0.070034 
1 0.000000 0.002081 0.004162 0.002601 0.047867 0.004162 0.151405 0.031738 0.116025 0.056191 0.571280 0.012487 
0 0.001041 0.002081 0.001561 0.003642 0.053590 0.047347 0.149324 0.114464 0.222685 0.075442 0.265349 0.063476 
0 0.000000 0.002836 0.001890 0.000000 0.164461 0.024575 0.092628 0.035917 0.109641 0.057656 0.453686 0.056711 
0 0.000000 0.001890 0.011342 0.001890 0.088847 0.105860 0.068998 0.033081 0.112476 0.068053 0.395085 0.112476 
0 0.000000 0.000386 0.004244 0.000772 0.113040 0.084491 0.058642 0.018133 0.098380 0.050926 0.492670 0.078318 
0 0.000386 0.001157 0.003858 0.001543 0.123457 0.046296 0.114583 0.106096 0.175926 0.074074 0.198302 0.154321 
0 0.000000 0.004444 0.026667 0.000000 0.006667 0.006667 0.135556 0.215556 0.117778 0.197778 0.288889 0.000000 
0 0.000000 0.011111 0.013333 0.008889 0.000000 0.053333 0.188889 0.142222 0.068889 0.224444 0.286667 0.002222 
0 0.001587 0.003175 0.026984 0.004762 0.006349 0.020635 0.120635 0.179365 0.125397 0.209524 0.301587 0.000000 
0 0.000000 0.006349 0.000000 0.000000 0.052381 0.003175 0.261905 0.069841 0.247619 0.158730 0.158730 0.041270 
0 0.000000 0.001536 0.014337 0.010241 0.057860 0.074245 0.085509 0.142857 0.156682 0.098822 0.300563 0.057348 
0 0.001024 0.001024 0.002560 0.002048 0.091142 0.014337 0.134665 0.108551 0.188940 0.099846 0.228879 0.126984 
0 0.000595 0.002378 0.002378 0.003567 0.014269 0.014269 0.145660 0.186088 0.196195 0.149822 0.272889 0.011891 
0 0.361474 0.002378 0.000000 0.002378 0.026159 0.003567 0.146849 0.095125 0.135553 0.095125 0.093936 0.037455 
0 0.000754 0.003017 0.003017 0.004525 0.021116 0.018100 0.149321 0.166667 0.180995 0.165913 0.272247 0.014329 
0 0.079186 0.003017 0.004525 0.004525 0.012066 0.005279 0.185520 0.159879 0.257164 0.134238 0.149321 0.005279 
2 0.000000 0.003781 0.000000 0.013233 0.005671 0.019849 0.219282 0.081285 0.088847 0.075614 0.475425 0.017013 
1 0.000000 0.003781 0.002836 0.020794 0.016068 0.029301 0.225898 0.075614 0.084121 0.056711 0.461248 0.023629 
2 0.000000 0.005698 0.000000 0.017094 0.005698 0.039886 0.296296 0.096866 0.051282 0.119658 0.347578 0.019943 
0 0.000000 0.000000 0.002849 0.008547 0.014245 0.000000 0.245014 0.222222 0.210826 0.076923 0.199430 0.019943 
2 0.000000 0.003099 0.000000 0.013430 0.004132 0.021694 0.258264 0.050620 0.053719 0.070248 0.505165 0.019628 
0 0.000000 0.001033 0.007231 0.003099 0.020661 0.017562 0.099174 0.169421 0.255165 0.188017 0.230372 0.008264 
2 0.000000 0.003017 0.000000 0.006033 0.012821 0.012066 0.158371 0.094268 0.079186 0.073152 0.546757 0.014329 
0 0.000000 0.002262 0.004525 0.003771 0.116893 0.076169 0.114630 0.171946 0.096531 0.190045 0.163650 0.059578 
2 0.000000 0.001913 0.000000 0.005102 0.029337 0.012117 0.133929 0.093750 0.063776 0.068878 0.562500 0.028699 
0 0.000000 0.001913 0.010204 0.007653 0.078444 0.036352 0.096301 0.185587 0.119260 0.142219 0.269133 0.052934 
1 0.000000 0.001565 0.004695 0.008607 0.010955 0.019171 0.157277 0.080595 0.088811 0.063772 0.553599 0.010955 
0 0.000000 0.001174 0.010955 0.005086 0.068858 0.041080 0.087637 0.098983 0.099374 0.119718 0.406886 0.060250 
1 0.000000 0.001913 0.001276 0.011480 0.017857 0.014668 0.156250 0.052296 0.092474 0.051020 0.584184 0.016582 
0 0.000000 0.000638 0.015944 0.003189 0.054847 0.019133 0.121811 0.205995 0.149235 0.147321 0.220026 0.061862 
0 0.000000 0.001250 0.018750 0.005000 0.085000 0.025000 0.123750 0.112500 0.166250 0.171250 0.266250 0.025000 
0 0.000000 0.003750 0.001250 0.003750 0.066250 0.040000 0.163750 0.172500 0.098750 0.256250 0.166250 0.027500 
0 0.000000 0.001773 0.015071 0.001773 0.083333 0.031028 0.109043 0.125887 0.185284 0.139184 0.239362 0.068262 
0 0.000000 0.004433 0.007979 0.008865 0.053191 0.045213 0.140071 0.177305 0.108156 0.207447 0.223404 0.023936 
0 0.000000 0.003906 0.017578 0.003906 0.013672 0.007813 0.158203 0.228516 0.140625 0.246094 0.179688 0.000000 
0 0.000000 0.007813 0.013672 0.007813 0.005859 0.050781 0.216797 0.152344 0.107422 0.265625 0.169922 0.001953 
0 0.002163 0.000865 0.017301 0.011678 0.044983 0.038495 0.123270 0.154844 0.132785 0.160035 0.268166 0.045415 
0 0.000000 0.000433 0.010813 0.001730 0.105104 0.048443 0.119810 0.125865 0.096886 0.120675 0.274654 0.095588 
0 0.083984 0.000488 0.003906 0.006836 0.116211 0.030273 0.081543 0.065430 0.114258 0.067383 0.269043 0.160645 
0 0.000488 0.000977 0.006836 0.001953 0.145020 0.028809 0.128906 0.085449 0.245117 0.109863 0.076172 0.170410 
0 0.062500 0.000488 0.006836 0.009277 0.124023 0.034668 0.078613 0.064941 0.112793 0.061035 0.268066 0.176758 
0 0.000000 0.000977 0.000977 0.000488 0.157715 0.072266 0.127441 0.112305 0.228516 0.110840 0.064453 0.124023 
0 0.000000 0.001543 0.001543 0.003086 0.043210 0.100309 0.123457 0.248457 0.128086 0.149691 0.109568 0.091049 
0 0.000000 0.004630 0.000000 0.006173 0.101852 0.081790 0.188272 0.074074 0.106481 0.279321 0.120370 0.037037 
0 0.000000 0.001033 0.002066 0.002066 0.032025 0.071281 0.088843 0.260331 0.131198 0.137397 0.167355 0.106405 
0 0.000000 0.004132 0.006198 0.006198 0.032025 0.042355 0.143595 0.186983 0.107438 0.240702 0.215909 0.014463 
0 0.000000 0.001111 0.002222 0.001111 0.286111 0.007222 0.142222 0.053333 0.271111 0.098889 0.042778 0.093889 
0 0.002222 0.003333 0.005556 0.005000 0.028333 0.015000 0.133889 0.141111 0.174444 0.173889 0.313333 0.003889 
0 0.000000 0.000925 0.002775 0.001850 0.146161 0.003700 0.185939 0.069380 0.372803 0.154487 0.050879 0.011101 
0 0.002775 0.001850 0.004625 0.003700 0.028677 0.003700 0.178538 0.229417 0.288622 0.209066 0.042553 0.006475 
0 0.000000 0.001695 0.003390 0.001130 0.275141 0.009605 0.135028 0.054237 0.279661 0.100565 0.050282 0.089266 
0 0.003955 0.002260 0.014124 0.003390 0.020904 0.005650 0.180791 0.250282 0.210734 0.187571 0.115819 0.004520 
0 0.190311 0.000865 0.003460 0.000865 0.198962 0.018599 0.120242 0.056228 0.246107 0.083478 0.040657 0.040225 
0 0.002595 0.002595 0.008218 0.003893 0.025952 0.015138 0.118080 0.154412 0.206315 0.172145 0.280277 0.010381 
0 0.103567 0.002058 0.002058 0.001372 0.115226 0.027435 0.174897 0.074074 0.262689 0.122771 0.056241 0.057613 
0 0.002058 0.002743 0.012346 0.004115 0.093278 0.003429 0.152263 0.189986 0.284636 0.176269 0.056241 0.022634 
0 0.179557 0.000452 0.004523 0.000452 0.169607 0.022614 0.124830 0.069652 0.257350 0.086386 0.043419 0.041158 
0 0.002714 0.001357 0.015378 0.003166 0.021710 0.014021 0.168250 0.235188 0.212121 0.187698 0.124378 0.014021 
0 0.000000 0.006667 0.013333 0.004444 0.017778 0.024444 0.133333 0.135556 0.153333 0.217778 0.282222 0.011111 
0 0.006667 0.004444 0.002222 0.002222 0.017778 0.000000 0.235556 0.135556 0.277778 0.284444 0.033333 0.000000 
0 0.000000 0.001041 0.015088 0.005203 0.080125 0.027575 0.136316 0.196150 0.223205 0.111342 0.186264 0.017690 
2 0.001041 0.001561 0.000000 0.010406 0.000520 0.028096 0.172216 0.058273 0.049428 0.137877 0.534860 0.005723 
0 0.000000 0.000868 0.026910 0.006944 0.043403 0.027778 0.188368 0.152778 0.224826 0.124132 0.188368 0.015625 
0 0.001736 0.000868 0.004340 0.009549 0.021701 0.021701 0.131944 0.189236 0.143229 0.133681 0.330729 0.011285 
0 0.000000 0.001033 0.021694 0.008264 0.049587 0.007231 0.148760 0.186983 0.271694 0.071281 0.232438 0.001033 
0 0.002066 0.001033 0.005165 0.004132 0.060950 0.057851 0.075413 0.232438 0.171488 0.092975 0.256198 0.040289 
1 0.000945 0.002836 0.001890 0.027410 0.017013 0.024575 0.184310 0.137051 0.205104 0.199433 0.191871 0.007561 
2 0.001890 0.001890 0.000000 0.006616 0.000945 0.030246 0.127599 0.079395 0.067108 0.147448 0.534026 0.002836 
1 0.000529 0.000529 0.001058 0.022210 0.010048 0.027499 0.216288 0.113168 0.166579 0.176097 0.253834 0.012163 
0 0.001058 0.000529 0.003173 0.005288 0.028556 0.021682 0.149656 0.154416 0.080910 0.148599 0.395029 0.011105 
1 0.000391 0.001174 0.004695 0.017214 0.009781 0.019171 0.169014 0.124804 0.151408 0.157668 0.340767 0.003912 
0 0.000391 0.001565 0.033646 0.019562 0.044210 0.039515 0.105634 0.176448 0.125587 0.175274 0.259390 0.018779 
1 0.000784 0.000784 0.000000 0.010196 0.010980 0.022745 0.211765 0.088627 0.138824 0.115294 0.389020 0.010980 
0 0.000000 0.000000 0.000000 0.004706 0.099608 0.091765 0.099608 0.054902 0.141961 0.073725 0.341176 0.092549 
1 0.000496 0.001488 0.007937 0.013393 0.010417 0.014385 0.165179 0.092262 0.113591 0.087302 0.474206 0.019345 
0 0.000000 0.001488 0.018849 0.001984 0.045635 0.038194 0.101190 0.201389 0.158730 0.148810 0.228175 0.055556 
2 0.002219 0.001479 0.000000 0.007396 0.000740 0.025148 0.159763 0.045118 0.055473 0.134615 0.564349 0.003698 
0 0.001479 0.000740 0.001479 0.005917 0.025888 0.017751 0.103550 0.131657 0.244083 0.144970 0.309911 0.012574 
2 0.000977 0.000488 0.000000 0.008301 0.060059 0.012207 0.135742 0.072754 0.057129 0.084473 0.551270 0.016602 
0 0.000000 0.000488 0.000000 0.012207 0.069824 0.039063 0.153809 0.061035 0.173340 0.133789 0.308105 0.048340 
2 0.000932 0.000000 0.000000 0.003263 0.049883 0.013054 0.113753 0.041492 0.056876 0.062005 0.607459 0.051282 
0 0.000000 0.000000 0.008858 0.008392 0.089977 0.062471 0.077389 0.163170 0.083916 0.158042 0.243357 0.104429 
0 0.004155 0.002770 0.000000 0.002770 0.027701 0.012465 0.121884 0.120499 0.102493 0.182825 0.422438 0.000000 
0 0.001385 0.002770 0.002770 0.008310 0.040166 0.018006 0.098338 0.116343 0.229917 0.178670 0.301939 0.001385 
0 0.001111 0.000556 0.008333 0.006111 0.041111 0.018333 0.092222 0.107222 0.107222 0.103333 0.460556 0.053889 
0 0.000000 0.000556 0.011111 0.008889 0.086667 0.063889 0.080000 0.173889 0.068889 0.182778 0.261111 0.062222 
0 0.000000 0.003906 0.015625 0.005859 0.015625 0.007813 0.162109 0.232422 0.132813 0.222656 0.201172 0.000000 
0 0.000000 0.003906 0.013672 0.013672 0.001953 0.042969 0.216797 0.154297 0.136719 0.255859 0.158203 0.001953 
0 0.001656 0.000414 0.020704 0.010352 0.048861 0.043064 0.118427 0.152381 0.125880 0.146170 0.290683 0.041408 
0 0.000000 0.000414 0.011180 0.002484 0.118841 0.072464 0.105590 0.125880 0.088199 0.139545 0.258799 0.076605 
0 0.001134 0.002268 0.004535 0.004535 0.069161 0.069161 0.072562 0.243764 0.151927 0.108844 0.229025 0.043084 
0 0.000000 0.002268 0.007937 0.010204 0.031746 0.091837 0.180272 0.154195 0.116780 0.246032 0.145125 0.013605 
0 0.000000 0.000488 0.006348 0.016113 0.072266 0.043945 0.118652 0.085449 0.139160 0.093262 0.364746 0.059570 
0 0.000000 0.000488 0.004395 0.010254 0.087891 0.078613 0.133301 0.117188 0.092773 0.156250 0.251953 0.066895 
0 0.000000 0.002186 0.001639 0.002186 0.296721 0.006011 0.136066 0.048634 0.261749 0.086885 0.040984 0.116940 
0 0.002732 0.003825 0.008197 0.003825 0.025683 0.011475 0.135519 0.145355 0.174317 0.175956 0.310929 0.002186 
0 0.000000 0.002260 0.001695 0.002260 0.287571 0.005650 0.136158 0.050847 0.272316 0.090395 0.048588 0.102260 
0 0.002825 0.002825 0.016384 0.001695 0.018644 0.003390 0.189266 0.251412 0.205085 0.177401 0.123729 0.007345 
0 0.190311 0.001298 0.002595 0.001730 0.187284 0.020329 0.120675 0.056228 0.248270 0.079152 0.041090 0.051038 
0 0.002163 0.002595 0.009948 0.003028 0.025087 0.016003 0.118945 0.161332 0.198529 0.172578 0.282007 0.007785 
0 0.174472 0.001837 0.004591 0.002296 0.155188 0.021120 0.128099 0.068871 0.266299 0.080349 0.042700 0.054178 
0 0.002296 0.002296 0.014692 0.001377 0.018825 0.011938 0.175849 0.246097 0.199265 0.191001 0.119835 0.016529 
0 0.007653 0.005102 0.002551 0.000000 0.051020 0.022959 0.130102 0.158163 0.247449 0.158163 0.216837 0.000000 
0 0.000000 0.005102 0.020408 0.005102 0.020408 0.012755 0.170918 0.165816 0.206633 0.316327 0.076531 0.000000 
0 0.002016 0.006048 0.022177 0.004032 0.018145 0.012097 0.177419 0.179435 0.219758 0.262097 0.096774 0.000000 
0 0.004032 0.006048 0.008065 0.002016 0.026210 0.008065 0.062500 0.324597 0.260081 0.163306 0.129032 0.006048 
2 0.000000 0.002836 0.000000 0.016068 0.016068 0.010397 0.178639 0.070888 0.084121 0.051040 0.556711 0.013233 
1 0.002836 0.006616 0.001890 0.034972 0.023629 0.026465 0.190926 0.065217 0.123819 0.087902 0.430057 0.005671 
2 0.000000 0.007937 0.000000 0.015873 0.029101 0.021164 0.243386 0.058201 0.052910 0.100529 0.457672 0.013228 
0 0.000000 0.005291 0.010582 0.005291 0.007937 0.002646 0.208995 0.243386 0.179894 0.124339 0.187831 0.023810 
2 0.000000 0.003030 0.000000 0.016162 0.014141 0.013131 0.236364 0.026263 0.046465 0.052525 0.575758 0.016162 
0 0.000000 0.002020 0.007071 0.002020 0.027273 0.017172 0.097980 0.170707 0.243434 0.186869 0.239394 0.006061 
2 0.000000 0.002262 0.000000 0.013575 0.015083 0.007541 0.157617 0.070136 0.079940 0.051282 0.590498 0.012066 
0 0.000000 0.003771 0.004525 0.006033 0.130468 0.055807 0.103318 0.182504 0.097285 0.199849 0.146305 0.070136 
1 0.001880 0.003759 0.001253 0.019424 0.020050 0.004386 0.154762 0.051378 0.106516 0.059524 0.567669 0.009398 
0 0.000000 0.001880 0.014411 0.001880 0.059524 0.013158 0.125313 0.219298 0.137845 0.151629 0.216165 0.058897 
0 0.000000 0.001250 0.015000 0.002500 0.101250 0.022500 0.121250 0.096250 0.148750 0.193750 0.287500 0.010000 
0 0.000000 0.005000 0.001250 0.006250 0.061250 0.025000 0.171250 0.183750 0.108750 0.258750 0.148750 0.030000 
0 0.000000 0.003906 0.015625 0.003906 0.013672 0.005859 0.160156 0.230469 0.138672 0.244141 0.183594 0.000000 
0 0.000000 0.007813 0.013672 0.009766 0.005859 0.042969 0.222656 0.150391 0.105469 0.265625 0.173828 0.001953 
0 0.002163 0.000865 0.016869 0.011246 0.055796 0.040657 0.130190 0.152249 0.132353 0.153114 0.268599 0.035900 
0 0.000000 0.000865 0.010381 0.001298 0.111159 0.048010 0.118945 0.124135 0.087803 0.123702 0.276384 0.097318 
0 0.000000 0.001543 0.003086 0.004630 0.054012 0.091049 0.126543 0.246914 0.131173 0.137346 0.115741 0.087963 
0 0.000000 0.006173 0.003086 0.007716 0.083333 0.063272 0.189815 0.095679 0.121914 0.263889 0.115741 0.049383 
0 0.000000 0.003086 0.006173 0.001543 0.006173 0.003086 0.137346 0.123457 0.115741 0.179012 0.412037 0.012346 
0 0.001543 0.001543 0.000000 0.006173 0.001543 0.006173 0.231481 0.151235 0.216049 0.157407 0.226852 0.000000 
0 0.000000 0.000699 0.002795 0.005590 0.082460 0.019567 0.089448 0.123690 0.137666 0.117400 0.358491 0.062194 
0 0.000000 0.000699 0.009085 0.000699 0.013976 0.051013 0.129280 0.209644 0.162124 0.199860 0.181691 0.041929 
0 0.000000 0.000699 0.003494 0.004892 0.071279 0.004892 0.110412 0.122991 0.132075 0.116003 0.401817 0.031447 
0 0.004193 0.001398 0.003494 0.004193 0.027952 0.012579 0.143256 0.129979 0.277428 0.141160 0.250175 0.004193 
0 0.000000 0.001111 0.003889 0.003889 0.072222 0.005556 0.098889 0.105556 0.106111 0.096667 0.463889 0.042222 
0 0.003333 0.001667 0.017778 0.007778 0.025556 0.018889 0.130000 0.150000 0.190556 0.161667 0.274444 0.018333 
0 0.000408 0.000816 0.000000 0.010204 0.125306 0.026122 0.143673 0.091429 0.115510 0.102041 0.335510 0.048980 
0 0.000000 0.000816 0.005714 0.003673 0.033469 0.051429 0.168163 0.131837 0.183673 0.192245 0.214286 0.014694 
0 0.000000 0.001041 0.000000 0.014048 0.125390 0.043184 0.144641 0.110822 0.146202 0.098855 0.270552 0.045265 
0 0.002081 0.002081 0.006243 0.003642 0.023933 0.005203 0.112383 0.152445 0.274194 0.117586 0.286160 0.014048 
0 0.000000 0.000918 0.002755 0.011478 0.139118 0.075298 0.138200 0.099174 0.131313 0.098714 0.254362 0.048669 
0 0.002755 0.001837 0.005510 0.002755 0.017906 0.012397 0.151056 0.154270 0.183196 0.192837 0.243343 0.032140 
1 0.000000 0.004801 0.000000 0.006173 0.057613 0.030178 0.175583 0.028807 0.163237 0.067901 0.456104 0.009602 
2 0.000000 0.002058 0.000000 0.004115 0.042524 0.013032 0.183128 0.029492 0.160494 0.058985 0.504115 0.002058 
1 0.000000 0.003484 0.000000 0.000000 0.044135 0.000000 0.185830 0.038328 0.195122 0.082462 0.392567 0.058072 
0 0.000000 0.000000 0.004646 0.005807 0.065041 0.046458 0.105691 0.098722 0.233449 0.120790 0.277584 0.041812 
1 0.000000 0.004438 0.000000 0.005917 0.073225 0.014053 0.144231 0.038462 0.163462 0.066568 0.449704 0.039941 
0 0.000000 0.000740 0.007396 0.000000 0.045118 0.062130 0.053254 0.021450 0.136834 0.055473 0.568047 0.049556 
0 0.000000 0.002885 0.004327 0.000962 0.037500 0.012019 0.128846 0.077885 0.182212 0.051442 0.491827 0.010096 
2 0.000000 0.001442 0.000000 0.002885 0.087500 0.014423 0.137981 0.029808 0.118750 0.045673 0.534135 0.027404 
0 0.000000 0.001890 0.003781 0.001890 0.038752 0.034972 0.111531 0.026465 0.091682 0.056711 0.619093 0.013233 
0 0.000000 0.001890 0.005671 0.017013 0.077505 0.080340 0.102079 0.082231 0.209830 0.115312 0.274102 0.034026 
0 0.000000 0.002778 0.008333 0.001111 0.032778 0.021667 0.130000 0.047222 0.130000 0.037222 0.578333 0.010556 
0 0.000000 0.000556 0.006667 0.000000 0.050556 0.095000 0.060000 0.018889 0.122222 0.055000 0.516111 0.075000 
0 0.000000 0.002012 0.000000 0.001207 0.062777 0.014487 0.109054 0.061972 0.104628 0.046278 0.538028 0.059557 
0 0.000000 0.000000 0.030584 0.011268 0.030181 0.043058 0.078873 0.174648 0.095372 0.163783 0.347284 0.024950 
2 0.000000 0.002066 0.000000 0.006198 0.016529 0.008264 0.246901 0.034091 0.172521 0.088843 0.424587 0.000000 
0 0.000000 0.005165 0.000000 0.007231 0.006198 0.016529 0.161157 0.000000 0.081612 0.044421 0.676653 0.001033 
2 0.000000 0.002604 0.000000 0.000868 0.013021 0.003472 0.178819 0.044271 0.148438 0.072049 0.466146 0.070313 
0 0.000000 0.000868 0.005208 0.000868 0.008681 0.008681 0.081597 0.058160 0.199653 0.096354 0.534722 0.005208 
2 0.000000 0.001350 0.000000 0.002699 0.000000 0.000000 0.236167 0.044534 0.170040 0.068826 0.414305 0.062078 
0 0.000000 0.000000 0.016194 0.008097 0.091768 0.044534 0.099865 0.026991 0.164642 0.090418 0.422402 0.035088 
0 0.000000 0.001543 0.000000 0.010802 0.112654 0.013889 0.037037 0.000000 0.111111 0.049383 0.663580 0.000000 
0 0.000000 0.001543 0.007716 0.000000 0.070988 0.026235 0.128086 0.092593 0.270062 0.120370 0.257716 0.024691 
0 0.000000 0.001033 0.000000 0.007231 0.073347 0.019628 0.085744 0.008264 0.106405 0.037190 0.661157 0.000000 
0 0.000000 0.001033 0.000000 0.000000 0.025826 0.018595 0.078512 0.010331 0.140496 0.068182 0.647727 0.009298 
0 0.000000 0.004444 0.024444 0.000000 0.006667 0.006667 0.135556 0.215556 0.120000 0.204444 0.282222 0.000000 
0 0.000000 0.011111 0.013333 0.011111 0.000000 0.051111 0.191111 0.140000 0.066667 0.224444 0.288889 0.002222 
0 0.000595 0.002378 0.002378 0.002378 0.013674 0.013674 0.146254 0.186683 0.196195 0.148633 0.275268 0.011891 
0 0.361474 0.002378 0.000000 0.002378 0.026754 0.003567 0.146849 0.092152 0.137337 0.095125 0.095125 0.036861 
0 0.000754 0.003017 0.003017 0.003017 0.019608 0.017345 0.153092 0.166667 0.180241 0.164404 0.274510 0.014329 
0 0.079186 0.003017 0.004525 0.004525 0.012821 0.005279 0.187029 0.155354 0.258673 0.133484 0.150830 0.005279 
